2000
-1068
-2370
8595
8489
6011
5088
11944
11455
618
-4609
-2222
6876
5040
4682
7790
3186
8351
-134
7549
-3663
1883
6353
-238
8280
2952
6967
-3577
5211
3023
-2423
5739
7335
-506
6105
-2994
9345
-3640
-1408
5219
-2815
3667
678
12824
12024
-713
9523
7297
7556
13889
-2051
-721
11601
-3950
3173
1402
11756
848
1835
-49
11964
6520
-837
10405
10167
3507
13879
11629
13059
14593
-148
447
-3911
3513
3525
2082
3239
1005
2406
1932
-3544
771
-1545
1545
2041
2497
2434
-4829
11003
4305
6642
11753
3150
9198
12514
8991
14075
3557
-4765
13468
7912
7684
14584
5224
2093
6161
6320
4500
9518
-4966
6720
7526
-4753
1145
12262
4480
-2121
-3689
-3762
-3563
4224
-3579
6888
-3317
13476
9799
4283
-279
10812
14325
-1191
13884
-4765
4623
3488
13041
872
-2541
7884
-3050
6901
9809
955
-978
11511
11004
2688
12698
5633
3460
-3969
2526
9039
-1234
3331
319
2629
6175
11556
-3103
-3580
10001
3913
9945
11585
11739
1171
13462
12576
12254
12679
-3787
10115
6813
9105
-4817
2842
10998
-1188
-167
1731
6460
-519
11822
242
2023
-3264
-2893
13843
4325
5126
9442
12869
6673
3308
601
13251
12553
906
12749
11562
-4969
4406
1327
12714
10050
18
-3200
-2654
1036
3987
10601
7544
972
-3923
-2248
182
12101
822
3684
11009
2770
2411
-2126
-2568
5146
6244
8743
12974
7467
7093
2647
4414
9958
11519
12617
-3250
14324
-1797
7764
6859
-650
452
4600
550
8439
8759
2806
310
7821
9703
-4118
6307
1340
5364
9669
8541
-1903
-1926
6194
2872
3023
14803
-2955
3678
13040
2898
1991
13689
3535
3975
11793
10372
5904
14294
-3941
5617
5030
3317
-4590
3244
-3584
7732
1940
4046
7757
-1679
-243
-4931
-4729
-1942
7011
12048
14243
-3197
8830
2088
12672
-4170
10197
11389
3367
9689
2687
-206
5219
6346
12275
8653
8571
-1819
7335
4979
8029
5348
-4463
7999
622
11652
-4387
1917
-3892
1883
14636
10040
-320
1647
811
4366
2847
1499
-4934
5591
2663
8672
3183
6823
-1374
1659
12478
5495
-3961
5205
14829
-1
14567
1733
4226
2464
-1728
6656
12235
12204
2314
-2436
-2085
4914
12562
9211
7849
7886
8641
6771
10341
6138
10876
-127
-1864
4479
-3034
1657
6495
13821
-4334
5159
-4056
8087
13968
8745
-2991
-204
-4470
13236
135
10464
5648
1120
10314
11231
5109
9566
2937
1663
8018
-1424
-1306
-846
11849
-1973
12721
11809
-1782
8960
-3849
-399
8096
12661
831
13929
5796
9104
-1252
-2898
-4640
3442
5616
-4840
-3262
14087
-798
11843
-3661
9199
-764
1985
-3111
-819
-4386
690
4358
3959
11563
4161
8204
-3995
2480
10660
844
-4579
14549
-4486
2479
2300
332
180
-4851
1660
-189
14955
7207
-4728
-1028
7944
11378
13380
13040
-822
-4520
-943
-549
498
6080
12431
11097
-2262
-2070
5784
6131
6137
6276
9730
6900
-4130
1335
-1303
2872
3006
-1467
8816
8950
479
5867
10183
-4670
11572
1003
2163
6789
3376
-3704
1409
1164
4182
3505
1954
-2915
6851
1550
4875
9777
-4785
2915
6964
5642
14696
12261
-3076
-3821
2156
-3498
-2032
9706
10809
-2771
11340
3028
9565
9485
9085
14417
-2330
1332
-133
-3404
14275
5380
9750
5334
13577
-2074
4953
10619
11882
-1310
8883
13587
369
3119
6921
543
-1475
443
-1389
12182
-4647
-950
455
32
-506
5881
10664
14655
12306
2290
11848
5182
6822
9174
12996
-3074
2638
-219
-2607
13070
13496
1135
14929
1076
8070
11624
9428
8846
6683
12945
1168
-1472
9248
10891
-75
759
-4675
-3089
-405
12176
922
4157
14564
-2479
-1968
-1871
7725
1755
7414
791
4888
-1521
14480
4835
2895
10279
10100
2797
7389
10128
6205
711
2346
14252
10119
13219
-4997
11455
99
2444
14403
8090
5310
-3692
-689
5790
12439
12689
6420
-2676
10452
2864
2874
938
8947
8540
-3426
-3182
-3993
12577
-1854
3125
-577
7
12583
-759
759
-1817
1618
-1473
5824
7402
1053
9531
3616
12024
3840
841
-3706
2652
14436
653
13787
-1571
7671
3362
12553
5842
13403
1410
4866
7980
-2001
6106
6811
12558
12012
-1367
4808
1048
-334
-1171
9845
13917
8070
759
5567
-4550
3007
-4963
10973
-4169
12031
14553
-4516
1438
9352
5083
9178
9765
14856
2866
11155
4405
3854
8526
-4314
-1745
5745
9792
11864
-3026
1096
10108
-2114
756
6108
-2414
7039
9004
7872
14497
-343
-2478
14967
2737
3075
9049
8941
3929
8720
115
664
589
-318
5036
1282
-1065
5170
3049
1487
4012
7108
12155
-806
11399
8128
-1448
6806
-2605
8062
2677
6744
1669
14639
-4818
10582
-1858
1287
3447
8339
-2259
-569
-3434
5442
12246
-1614
796
14543
12944
12865
4706
11723
10152
2897
12222
6710
3470
3248
9316
3109
13467
3450
10041
5495
-1292
-3331
13050
6789
-311
-150
7183
7093
-281
12063
2898
8694
5107
14170
10794
8974
3632
5537
13390
13952
7302
7960
-2236
10424
7741
6376
5324
13307
12284
2915
12726
10069
11888
4189
4150
-4816
14049
12016
6401
4128
-3357
-2154
12466
14912
9407
2842
9774
-3033
-3898
241
2802
10033
2693
13774
1475
-3308
8261
3324
4315
7640
9972
-4066
14186
-1890
-2868
209
13824
3679
5367
-1501
5109
6201
6395
-2692
9985
13636
-1857
3637
3380
4006
13571
12771
5088
9384
-2921
7597
10093
7396
12974
-1995
13288
9034
13374
6026
-2708
11834
9083
-2602
2306
6597
-2485
10020
3334
3092
11439
14693
10585
-528
13322
4829
612
223
14896
14221
10548
4887
2439
-4218
13689
8085
13737
8935
-865
6366
9563
14893
4979
505
-1122
-4569
-3009
991
8670
10997
12587
9963
6842
6686
8010
-282
3013
12598
-2073
1689
13410
9185
-3245
-1282
5062
13779
4935
7295
3781
7140
-1201
-3182
14811
-2115
4124
-4936
3510
13522
5987
-4394
9384
4368
-590
-3620
-3576
8870
2846
13820
5932
1791
7143
-103
1057
4878
2211
1715
12575
-4237
-1540
-4362
1215
9985
2970
3144
14413
8782
-2838
14712
4234
14803
13181
5026
12849
12085
8851
5842
-4833
11008
-2067
9762
3549
8674
-1498
11560
8394
1135
7257
-23
3745
11389
-3075
-49
7271
9114
13166
12243
3866
3055
11435
12847
7546
6819
-4626
8874
-3368
11265
13644
-361
6286
8685
3816
3585
678
3653
-2018
2877
6777
13593
9877
7285
9070
-2277
1781
1440
6512
8172
-4857
12590
14175
13897
552
-2649
-3045
14806
-5
-4092
11366
3006
14253
2544
3654
13826
-4230
12617
1034
2233
7403
706
11275
473
12429
13357
-3774
13348
2619
389
5041
9355
-2874
6777
-346
5560
13099
13884
12658
7764
12789
10813
14444
-2115
7045
6151
14235
-3341
1977
11465
3617
14600
7238
-4997
7667
13008
-4421
-1004
-1373
1990
7075
6450
13298
1316
10449
-2402
6840
14885
7756
-831
1653
10624
8051
3740
-3483
9372
3616
11059
3795
7395
1346
12226
2965
8989
11409
11378
-3978
-3911
13076
12895
12656
-2149
4567
-207
7763
14123
6756
-4263
7950
3060
11875
5929
-4678
9389
1172
1029
4168
6950
13138
8303
8011
-1485
14251
2136
6370
-2858
12025
4691
7000
12088
848
-409
-2100
-1455
90
-4853
1609
5015
-631
2807
13804
-2626
8879
13570
5124
-2
450
-2219
2904
7943
2828
14155
7037
13333
11827
11360
9533
-990
5400
13287
10321
-2608
11902
7486
0
-4197
314
13843
8684
7105
2837
6485
13338
11750
10440
9170
8398
7643
-3078
1082
-3959
6777
10447
1171
6999
10175
5095
4273
8128
8285
6033
3429
12892
-456
13867
7088
9949
-994
2051
1973
5990
6537
14164
3445
11443
-2682
12271
4653
12100
1611
-1212
3595
12803
4468
-2486
12917
14590
5995
2576
-1846
7419
11334
7006
-772
4646
1381
13770
1678
9594
2172
-2138
12805
7023
-1374
-3441
-2564
-3155
3622
2016
10296
6691
12397
-4007
9583
3869
14983
10512
14614
7800
3579
11807
7385
319
8020
-3212
13308
14475
-1653
-745
11027
-1962
-1699
11310
-1587
6783
-4074
-216
-2714
-42
8745
14948
13426
5422
8905
6157
8115
-169
4048
-726
11785
13486
-3340
12054
-775
7023
-4270
7670
4177
330
13965
-424
9231
6767
10943
2307
1332
14184
7697
11712
2526
264
3026
11522
5417
7190
-179
-715
5529
5736
-773
8491
1552
11883
14261
14516
2582
13992
11304
7316
9218
7678
779
10895
-1696
-3497
-831
9762
13220
8370
12378
3203
14175
13997
9715
-505
4098
14776
14489
12090
9754
-2540
4740
-666
-716
1675
6915
9689
10476
12373
11552
5352
-4354
-4000
-664
-4485
12208
4265
12202
14702
-2407
4698
9077
14942
-1850
3915
5387
10858
10727
9636
-2081
8397
4437
2793
2437
11714
-115
14714
14363
12574
14258
-2802
11981
3063
-4012
-1471
3909
8377
1827
7381
3639
3252
10747
5245
2932
-658
848
6363
8742
14827
-2947
11803
14366
7457
2376
6643
3746
11329
757
11709
12489
4827
3027
-3471
14880
14771
9434
9907
-231
13652
14125
14996
-2335
506
1535
12986
11270
11922
9441
-1858
8277
14910
13129
4152
4853
4128
11900
12289
12770
8567
2120
11700
-4054
172
14009
1465
8287
-572
5091
11836
342
8904
1711
10494
-4947
11545
-1627
8804
4826
-3782
8081
1635
9748
10807
-3434
11076
3059
-118
9920
7150
7032
10686
6945
10590
8038
-2925
14457
11445
7166
4685
-3088
5784
11153
11528
11821
6205
13653
9007
4029
9079
8185
-4815
-4195
3902
-3385
2728
4438
3560
-3126
4794
1949
4321
12711
-4094
6380
650
12569
5115
-2484
1942
6394
-2542
3466
12896
8524
3014
13029
3140
-2743
-1632
7166
14398
8593
-2072
3702
541
4561
-4550
7933
76
2787
2738
12069
-647
9300
11647
13448
8258
14734
9931
-3864
3082
13635
6343
2991
1369
-4660
5197
1725
6669
1665
-1307
7297
13450
11057
1112
3204
9905
2944
-431
6456
4874
3378
6154
3319
13120
-1279
-3761
-3435
11836
12509
-1367
-485
8388
6020
914
5565
-4162
12020
1614
8468
10000
-4105
-4750
7572
10228
1371
1590
-535
-852
7995
-4522
7795
4578
2119
6761
10726
-328
10267
5738
-2530
-4858
4090
14198
2587
1290
10334
5651
6710
11216
14029
666
13213
8349
8219
-342
6186
-2648
3804
-2480
-1033
8824
-1791
12431
10933
2944
10603
11599
14785
11474
2907
8439
10753
8841
14653
-4469
4536
11455
6083
5204
4783
13306
-4331
11114
8533
-4035
3699
11540
-2643
8631
1289
2985
12320
-610
714
-4316
-4198
9821
11082
4820
10672
1914
-144
5988
14598
1678
7976
-4948
5454
13854
5708
13738
2740
-3812
3254
-4855
-2779
9008
947
12757
-1671
6502
8737
-864
10975
5489
-4955
14579
-200
-1523
12366
6853
-2906
-3755
2612
6556
9621
8425
5799
-4553
13031
5055
13594
260
2855
4879
-2918
11338
4772
-2860
-933
12378
12136
14962
10677
12026
2312
2346
6652
-3583
-1452
10271
4980
11269
-339
9064
-4331
-148
14939
8566
6549
6816
14992
13916
2003
4257
786
12955
-3231
-4901
14587
2387
14552
10013
11311
-3553
10803
-232
-2712
10420
9990
14681
8293
9358
12771
1712
10985
11177
832
8295
8255
4773
6158
8261
-3858
10742
7406
11050
10174
1649
-3089
-1913
9290
2276
6570
11867
-4497
14896
11619
11850
12845
3634
-1574
-3512
-2045
6416
12373
-2758
8387
-2163
641
-1358
-279
-3898
14417
-2708
2560
5866
14699
4837
872
6184
3035
9894
-2229
-282
10612
2408
14648
5063
-2463
-3831
2461
-2881
14558
10456
-3759
11313
14536
3363
11760
1028
5534
7132
376
12948
-559
-3476
12303
-3289
-500
626
930
10905
4706
3303
-2104
-2770
-3739
14634
10705
1358
2773
-1427
4741
14446
13208
13920
-2571
13132
13354
9157
9098
9935
-2238
7822
-3965
-350
10499
8849
10038
2114
11315
14126
14982
12152
-3588
7694
5385
6111
643
-1662
-3203
855
5109
944
5160
9485
3875
12053
8728
347
5057
8478
13947
-4913
-88
5914
-3831
560
13303
11551
-1184
-1782
11544
-4605
14159
1719
-3365
3788
12830
10583
-1151
6189
13528
-4806
835
6905
8146
3137
12368
5387
-3888
-2333
6102
1803
10225
8440
3821
2417
14759
4171
426
5859
12842
12207
8851
6267
11136
11862
-1921
-1761
10569
3413
-998
-3530
13524
280
4477
12632
7531
7135
12168
9750
6581
-2283
2273
7097
8916
3461
12546
9492
2820
9948
9595
2505
3895
6907
1893
-3891
13508
2037
6701
14007
354
231
11820
3353
-1696
3541
9666
12110
8075
13222
9502
7516
2099
-859
3903
-3240
4182
7466
7559
